score,pubdate,source,title,link
101,2025-12-23-05-53-43 +0000,nyt,Trump Announces New ‘Trump Class’ of Warships,https://www.nytimes.com/2025/12/22/us/politics/new-trump-class-warships.html
97,2025-12-23-00-25-00 +0000,wsj,President Trump said he wants to pressure America’s largest defense contractors to speed up weapons production by investing in new facilities and ending the practice of repurchasing stocks,https://www.wsj.com/politics/policy/trump-targets-defense-firms-on-weapons-speed-stock-buybacks-f1bafe7e
87,2025-12-22-19-16-47 +0000,nypost,Bill Clinton accuses Trump’s DOJ of cover-up in Epstein files release: ‘We need no such protection’,https://nypost.com/2025/12/22/us-news/bill-clintons-office-claims-epstein-files-cover-up-demands-full-release-after-damaging-half-naked-pics/
85,2025-12-22-16-52-46 +0000,nypost,Trump admin scraps 5 offshore wind farms — including New York projects — citing ‘national security risks’,https://nypost.com/2025/12/22/us-news/trump-admin-scraps-5-offshore-wind-farms-including-new-york-project-citing-national-security-risks/
73,2025-12-22-21-14-32 +0000,nypost,President Trump announces new class of battleships named after himself,https://nypost.com/2025/12/22/us-news/president-trump-to-announce-new-class-of-battleships-named-after-him-report/
72,2025-12-22-21-55-00 +0000,wsj,A coalition of Democratic state attorneys general have sued to stop the Trump administration’s latest efforts to dismantle the Consumer Financial Protection Bureau,https://www.wsj.com/politics/policy/democratic-attorneys-general-sue-russell-vought-over-cfpb-funding-3b7f8e6a
71,2025-12-23-01-52-35 +0000,nyt,Brown Police Chief Rodney Chatman Placed on Leave Amid Trump Investigation Following Shooting,https://www.nytimes.com/2025/12/22/us/brown-shooting-rodney-chatman-trump-investigation.html
68,2025-12-22-21-14-46 +0000,latimes,Trump administration cites national security as it halts offshore wind. Some experts aren't convinced,https://www.latimes.com/environment/story/2025-12-22/trump-administration-cites-national-security-as-it-halts-offshore-wind-some-experts-arent-convinced
66,2025-12-23-04-12-46 +0000,nyt,"Trump Administration Oil Tanker Seizures Are Meant to Force Maduro Out, Officials Say",https://www.nytimes.com/2025/12/22/world/americas/trump-venezuela-oil-tankers-maduro.html
63,2025-12-23-00-43-00 +0000,wsj,Trump Administration Halts All Offshore Wind Projects,https://www.wsj.com/business/energy-oil/rump-offshore-wind-construction-cancel-129ee6ec
63,2025-12-22-23-29-00 +0000,wsj,New Class of Warship to Be Named After Trump,https://www.wsj.com/politics/national-security/trump-hegseth-new-warship-the-battleship-63367854
62,2025-12-23-10-00-35 +0000,nyt,Businesses in Canada Navigate Trump’s Tariffs During the Busy Holiday Season,https://www.nytimes.com/2025/12/23/world/canada/canada-trump-tariffs-christmas.html
61,2025-12-22-20-45-08 +0000,nypost,US flexes military might as Trump gives chilling warning to Venezuela’s Maduro if he plays ‘tough’,https://nypost.com/2025/12/22/world-news/us-shows-military-might-as-trump-turns-the-screws-on-venezuelan-dictator-nicolas-maduro/
60,2025-12-23-01-29-03 +0000,bbc,Trump says US is pursuing third oil tanker linked to Venezuela,https://www.bbc.com/news/articles/c99722j4lkgo?at_medium=RSS&at_campaign=rss
60,2025-12-23-03-40-21 +0000,nyt,Trump Administration Orders Nearly 30 U.S. Ambassadors to Leave Their Posts,https://www.nytimes.com/2025/12/22/us/politics/trump-administration-ambassadors-posts.html
60,2025-12-23-09-51-47 +0000,bbc,Trump says US will keep or sell oil seized from Venezuela,https://www.bbc.com/news/articles/c87lnn09yj8o?at_medium=RSS&at_campaign=rss
60,2025-12-23-03-14-55 +0000,nyt,Trump Administration Declares Foreign-Made Drones a Security Threat,https://www.nytimes.com/2025/12/22/us/dji-drones-china-barred-us.html
59,2025-12-22-23-32-01 +0000,nypost,Trump decries the release of embarrassing pics of Bill Clinton with Jeffrey Epstein,https://nypost.com/2025/12/22/us-news/trump-decries-the-release-of-embarrassing-pics-of-bill-clinton-with-jeffrey-epstein/
59,2025-12-22-22-32-00 +0000,wapo,Trump administration abruptly recalls over two dozen career ambassadors,https://www.washingtonpost.com/national-security/2025/12/22/trump-ambassadors-recalled/
59,2025-12-22-18-52-03 +0000,bbc,Trump's appointment of Greenland envoy sparks fresh row with Denmark,https://www.bbc.com/news/videos/cwywe5zw384o?at_medium=RSS&at_campaign=rss
58,2025-12-23-00-24-25 +0000,bbc,What the underwhelming Epstein files release means for Trump and Maga,https://www.bbc.com/news/articles/cy95w0x9889o?at_medium=RSS&at_campaign=rss
58,2025-12-23-12-00-00 +0000,wsj,Nicki Minaj’s surprising shift toward Trump and Vance. Read more in today’s WSJ Politics newsletter:,https://www.wsj.com/politics/elections/nicki-minajs-surprising-shift-toward-trump-and-vance-e0cdf1f0
57,2025-12-23-02-08-00 +0000,wsj,Trump Appointment of Greenland Envoy Draws Angry Response From Denmark,https://www.wsj.com/world/trump-appointment-of-greenland-envoy-draws-angry-response-from-denmark-272de1b8
56,2025-12-22-17-27-21 +0000,nyt,"Angering Denmark, Trump Appoints Special Envoy to Greenland",https://www.nytimes.com/2025/12/22/world/europe/trump-special-envoy-greenland-denmark-landry.html
54,2025-12-22-19-31-46 +0000,nyt,Ex-C.I.A. Chief Wants to Block Judge Cannon From Inquiry Pushed by Trump’s Allies,https://www.nytimes.com/2025/12/22/us/politics/trump-doj-investigation-judge-cannon-brennan-cia.html
54,2025-12-23-00-36-38 +0000,bbc,Trump unveils plans for 'Golden Fleet' battleships named after himself,https://www.bbc.com/news/articles/c2084nq2npjo?at_medium=RSS&at_campaign=rss
54,2025-12-23-00-25-00 +0000,wsj,"Trump Targets Defense Firms on Weapons Speed, Stock Buybacks",https://www.wsj.com/politics/policy/trump-targets-defense-firms-on-weapons-speed-stock-buybacks-f1bafe7e?mod=pls_whats_news_us_business_f
53,2025-12-23-11-00-00 +0000,latimes,Hiltzik: What does Trump have against Venezuela? His explanations keep changing,https://www.latimes.com/business/story/2025-12-23/what-does-trump-have-against-venezuela-his-own-explanations-keep-changing
52,2025-12-23-03-00-00 +0000,wsj,Trump’s First-Term Trust Buster Is Now Working to Get Paramount Its Deal,https://www.wsj.com/business/media/who-is-makan-delrahim-trump-paramount-warner-bros-netflix-6f6ac641
52,2025-12-23-01-35-49 +0000,nyt,Lawmaker Sues to Remove Trump’s Name From the Kennedy Center,https://www.nytimes.com/2025/12/22/us/politics/lawsuit-trump-name-removal-kennedy-center.html
52,2025-12-22-23-40-18 +0000,bbc,Trump says US 'has to have' Greenland after naming special envoy,https://www.bbc.com/news/articles/ckgmd132ge4o?at_medium=RSS&at_campaign=rss
52,2025-12-23-12-40-18 +0000,wapo,Lawmaker sues to stop Trump from adding name to Kennedy Center,https://www.washingtonpost.com/entertainment/2025/12/23/trump-kennedy-center-beatty-lawsuit/
51,2025-12-22-19-55-06 +0000,nyt,A Conspicuous Gap May Undermine Trump’s Birthright Citizenship Plan,https://www.nytimes.com/2025/12/22/us/politics/trump-birthright-citizenship-congress.html
49,2025-12-23-13-05-22 +0000,nypost,"Andrew Mountbatten-Windsor asked Ghislaine Maxwell if she had found him ‘new inappropriate friends,’ Epstein files email shows",https://nypost.com/2025/12/23/world-news/andrew-mountbatten-windsor-asked-ghislaine-maxwell-if-she-had-found-him-new-inappropriate-friends-in-august-2001-email/
48,2025-12-23-03-26-18 +0000,nyt,White House Invitees Are Asked About Donations to Trump’s Ballroom,https://www.nytimes.com/2025/12/22/us/politics/white-house-donations-ballroom.html
47,2025-12-23-10-17-10 +0000,nyt,Italian Artisans Add Figurines of Donald Trump to Nativity Scenes,https://www.nytimes.com/2025/12/23/world/europe/naples-trump-figurines-nativity-christmas.html
47,2025-12-23-10-00-00 +0000,wapo,Why the Fed strategically absorbed some blows from Trump,https://www.washingtonpost.com/business/2025/12/23/fed-fight-trump-independence/
45,2025-12-23-01-45-41 +0000,nyt,Trump Officials Sue to Loosen D.C.’s Gun Laws,https://www.nytimes.com/2025/12/22/us/politics/washington-dc-gun-laws-trump.html
45,2025-12-22-22-32-00 +0000,wsj,Opinion | The Donald J. Trump Center for Everything,https://www.wsj.com/opinion/donald-trump-kennedy-center-rebranding-congress-8a6c53af
44,2025-12-22-20-39-00 +0000,wsj,Former Vice President Mike Pence’s political group is poaching top officials from the conservative Heritage Foundation amid growing ideological fights within the conservative movement,https://www.wsj.com/politics/elections/top-heritage-officials-flee-to-mike-pences-nonprofit-as-think-tank-fractures-28765f2b
42,2025-12-23-13-14-41 +0000,nypost,New dad allegedly killed baby mama because she stole from his coin collection to buy booze: cops,https://nypost.com/2025/12/23/us-news/new-dad-accused-of-killing-mother-of-his-baby-because-she-stole-coins-from-his-collection-police/
40,2025-12-22-19-46-03 +0000,nypost,AG Pam Bondi threatened with fines for ‘coverup’ of ‘dozens’ of Epstein FBI witness docs  — ‘back up plan’ in works,https://nypost.com/2025/12/22/us-news/thomas-massie-teases-back-up-plan-to-out-jeffrey-epstein-accomplices/
39,2025-12-23-12-41-01 +0000,nypost,ICE releases AI video showing Santa Claus rounding up illegal migrants: ‘NAUGHTY LIST!’,https://nypost.com/2025/12/23/us-news/ice-releases-ai-video-showing-santa-claus-rounding-up-illegal-migrants-naughty-list/
38,2025-12-23-12-28-30 +0000,nypost,"Hunter Biden says he’s up to $15M in debt, claims ‘I have no idea’ how to pay that off",https://nypost.com/2025/12/23/us-news/hunter-biden-says-hes-up-to-15m-in-debt-claims-i-have-no-idea-how-to-pay-that-off/
37,2025-12-23-03-56-42 +0000,bbc,Brown University places its police chief on leave after mass shooting attack,https://www.bbc.com/news/articles/cy0p7d74ywgo?at_medium=RSS&at_campaign=rss
35,2025-12-23-03-30-06 +0000,nypost,JD Vance trains with Navy SEALs in California: ‘Feel like I got hit by a freight train’,https://nypost.com/2025/12/22/us-news/jd-vance-trains-with-navy-seals-in-california-feel-like-i-got-hit-by-a-freight-train/
34,2025-12-22-22-46-56 +0000,nypost,"ICE rounds up over 1,000 illegal immigrants during two-week operation to honor Laken Riley",https://nypost.com/2025/12/22/us-news/ice-rounds-up-over-1000-illegal-immigrants-during-two-week-operation-to-honor-laken-riley/
33,2025-12-23-14-02-00 +0000,wsj,Canada GDP Edges Up After Sharp Contraction in October,https://www.wsj.com/economy/canada-gdp-edges-up-after-sharp-contraction-in-october-88a8d746
33,2025-12-23-01-46-00 +0000,wsj,"The U.S. is banning new drones from the popular Chinese manufacturer DJI and a smaller competitor, Autel Robotics, while American pilots express outrage—and hoard parts.",https://www.wsj.com/politics/national-security/u-s-bans-new-china-made-drones-sparking-outrage-among-pilots-1624e32a
33,2025-12-22-21-48-36 +0000,bbc,Carney names ex-Blackrock executive as new US ambassador,https://www.bbc.com/news/articles/ceq1z9llng8o?at_medium=RSS&at_campaign=rss
33,2025-12-22-20-30-03 +0000,latimes,Instacart ends AI pricing test that charged shoppers different prices for the same items,https://www.latimes.com/business/story/2025-12-22/instacart-ends-ai-pricing-test-that-charged-shoppers-different-prices-for-same-items
32,2025-12-23-14-50-56 +0000,nypost,"Russian drone, missile attack on Ukraine kills at least 3 people — causes widespread power outage",https://nypost.com/2025/12/23/world-news/russian-drone-missile-attack-on-ukraine-kills-at-least-3-people-causes-widespread-power-outage/
32,2025-12-23-08-45-28 +0000,wsj,Stock Market Today: GDP Beats Forecasts; S&P 500 Edges Up,https://www.wsj.com/livecoverage/stock-market-today-dow-sp-500-nasdaq-12-23-2025?mod=rss_markets_main
32,2025-12-22-23-38-39 +0000,nypost,Warner Bros. Discovery to review Larry Ellison’s offer to guarantee Paramount Skydance’s $78B takeover bid: sources,https://nypost.com/2025/12/22/media/warner-bros-discovery-to-review-larry-ellisons-offer-to-guarantee-paramount-skydances-78b-takeover-bid-sources/
31,2025-12-23-03-41-55 +0000,cbc,60 Minutes prison segment postponed by CBS briefly viewed in Canada on Global TV,https://www.cbc.ca/news/canada/cbs-60-minutes-report-el-salvador-cecot-global-9.7025912?cmp=rss
30,2025-12-23-10-04-47 +0000,bbc,Call of Duty co-creator Vince Zampella dies in California car crash,https://www.bbc.com/news/articles/cx25rled0ylo?at_medium=RSS&at_campaign=rss
30,2025-12-23-09-00-00 +0000,cbc,"For decades, Canada's military had no combat uniforms designed for women. That's about to change",https://www.cbc.ca/news/politics/army-air-force-combat-uniform-specifically-designed-women-9.7021680?cmp=rss
30,2025-12-22-20-23-24 +0000,nypost,JD Vance gets brutally honest about odds of resolving Ukraine War: ‘Good chance we won’t’,https://nypost.com/2025/12/22/us-news/jd-vance-gets-brutally-honest-about-odds-of-resolving-ukraine-war-good-chance-we-wont/
29,2025-12-23-14-50-00 +0000,wsj,"Israel Won’t Leave Gaza, Will Build Settlements, Defense Minister Says",https://www.wsj.com/world/middle-east/israel-wont-leave-gaza-will-build-settlements-defense-minister-says-42d05b3a
29,2025-12-23-02-27-00 +0000,wsj,U.S. Targeting Oil Tankers in Bid to Stymie Global Black Market,https://www.wsj.com/politics/national-security/u-s-targeting-illicit-oil-tankers-in-bid-to-stymie-global-black-market-cf379ac4
29,2025-12-23-02-55-31 +0000,startribune,Minnesota Department of Corrections head receives vote of no confidence from sheriffs’ group,https://www.startribune.com/minnesota-department-of-corrections-head-receives-vote-of-no-confidence-from-sheriffs-group/601551714
28,2025-12-22-22-59-52 +0000,nyt,Epstein Victims Ask Congress to Ensure Justice Dept. Releases All Files,https://www.nytimes.com/2025/12/22/business/epstein-victims-justice-dept-files-released.html
28,2025-12-23-11-00-00 +0000,latimes,"Deadly winter storm arrives in Southern California, bringing widespread flood, travel risks",https://www.latimes.com/california/story/2025-12-23/deadly-winter-storm-arrives-socal
28,2025-12-23-01-43-00 +0000,wsj,Education Department Investigates Brown University’s Security Systems After Shooting,https://www.wsj.com/us-news/education-department-investigates-brown-universitys-security-systems-after-shooting-6b377baa
28,2025-12-23-14-11-27 +0000,nypost,Jeffrey Epstein joked he’d ‘taken the short route home’ in jailhouse letter to Larry Nassar before suicide,https://nypost.com/2025/12/23/us-news/jeffrey-epstein-announced-suicide-in-jailhouse-letter-to-larry-nasser/
28,2025-12-22-23-56-00 +0000,wsj,Amtrak Faces More Delays Rolling Out New Trains,https://www.wsj.com/us-news/amtrak-faces-more-delays-rolling-out-new-trains-3228327a
28,2025-12-22-23-50-32 +0000,nypost,Judge orders JPMorgan to keep paying Charlie Javice’s $74M legal bills — including $530 in gummy bears,https://nypost.com/2025/12/22/business/judge-orders-jpmorgan-to-keep-paying-charlie-javices-74m-legal-bills/
28,2025-12-23-14-11-18 +0000,bbc,Three killed after Russia launches 'massive' attack across Ukraine,https://www.bbc.com/news/articles/cr4d99p63y4o?at_medium=RSS&at_campaign=rss
28,2025-12-23-01-05-16 +0000,nypost,California stiffs feds on $20B loan — taxpayers pick up the tab,https://nypost.com/2025/12/22/us-news/california-hasnt-paid-20b-loan-for-covid-unemployment/
27,2025-12-23-03-11-36 +0000,nypost,"NYC subway conductor punched, robbed of train keys in disturbing attack — as she was making an announcement",https://nypost.com/2025/12/22/us-news/nyc-subway-conductor-punched-robbed-of-train-keys-in-disturbing-attack/
27,2025-12-22-17-18-09 +0000,latimes,Skiers call this resort 'Big Bare.' Will the coming storm save California's ski season?,https://www.latimes.com/california/story/2025-12-22/will-coming-storm-save-californias-ski-season
27,2025-12-22-18-53-00 +0000,wsj,How Charlie Javice’s Legal Fees Hit $74 Million: Gummy Bears and Star Lawyers,https://www.wsj.com/finance/heres-the-stuff-charlie-javices-lawyers-billed-as-74-million-in-legal-fees-b197af5e?mod=rss_markets_main
27,2025-12-23-11-00-00 +0000,latimes,"As he sat in ICE detention, a teen dreamed of finishing his senior year of high school in L.A.",https://www.latimes.com/california/story/2025-12-23/in-ice-detention-this-teen-dreamed-of-finishing-high-school-in-la
27,2025-12-23-09-02-52 +0000,nyt,Two New Banksy Murals Appear in London,https://www.nytimes.com/2025/12/22/world/europe/uk-banksy-mural-children-homeless.html
27,2025-12-22-19-55-48 +0000,cbc,Banksy unveils new art depicting stargazing figures in London,https://www.cbc.ca/news/world/new-banksy-art-london-9.7025378?cmp=rss
26,2025-12-23-12-31-00 +0000,wsj,"Copper Prices Pass $12,000 a Ton, Hitting New Record",https://www.wsj.com/finance/commodities-futures/gold-hits-record-high-amid-rising-geopolitical-risks-8ba0ce22?mod=rss_markets_main
26,2025-12-22-18-04-50 +0000,nypost,Heritage ousts two staffers as more scholars flee to Mike Pence’s group: ‘Brain drain’,https://nypost.com/2025/12/22/us-news/heritage-ousts-two-staffers-as-more-scholars-flee-to-mike-pences-group-brain-drain/
26,2025-12-23-11-00-00 +0000,latimes,Why California colleges can no longer withhold transcripts over unpaid fees,https://www.latimes.com/california/story/2025-12-23/california-colleges-no-longer-withhold-transcripts-unpaid-fees
26,2025-12-23-10-30-00 +0000,startribune,Minnesota legislators say laws on failure to report child abuse need fresh look,https://www.startribune.com/minnesota-legislators-say-laws-on-failure-to-report-child-abuse-need-fresh-look/601542065
26,2025-12-22-16-16-00 +0000,wsj,Russian General Killed by Car Bomb in Moscow,https://www.wsj.com/world/russia/russian-general-killed-by-car-bomb-in-moscow-4c8c2f78
26,2025-12-23-09-48-19 +0000,cbc,"Russian air attacks pound Ukraine, killing 3 and knocking out power in most regions",https://www.cbc.ca/news/world/kyiv-attack-drone-9.7026092?cmp=rss
26,2025-12-22-17-49-20 +0000,cbc,Carney taps business executive Mark Wiseman to serve as Canada's ambassador to the U.S.,https://www.cbc.ca/news/world/carney-wiseman-ambassador-9.7025251?cmp=rss
25,2025-12-22-18-35-00 +0000,wsj,"Canada Picks Former Pension Boss, BlackRock Executive As Top Diplomat in Washington",https://www.wsj.com/world/americas/canada-picks-former-pension-boss-blackrock-executive-as-top-diplomat-in-washington-5ab2b432
25,2025-12-23-04-48-57 +0000,nypost,IRS criminal investigators played crucial role in helping FBI track down Brown University shooter: sources,https://nypost.com/2025/12/22/us-news/how-irs-criminal-investigators-helped-the-fbi-track-down-brown-university-shooters-location/
25,2025-12-23-05-53-28 +0000,missionlocal,"No sign ICE is improving conditions at S.F. immigrant holding cells, attorneys say",https://missionlocal.org/2025/12/sf-ice-immigration-lawyers-committee-lawsuit-sansome/
25,2025-12-23-11-59-23 +0000,nyt,New Jersey Honors Bomb-Sniffing Dogs Who Kept an Election Safe,https://www.nytimes.com/2025/12/23/us/politics/bomb-sniffing-dogs-new-jersey-election.html
25,2025-12-22-18-35-06 +0000,nyt,Russian General Is Killed in Car Bombing in Moscow,https://www.nytimes.com/2025/12/22/world/europe/russia-moscow-general-killed.html
24,2025-12-23-05-00-09 +0000,nyt,China Delays Plans for Mass Production of Self-Driving Cars After Accident,https://www.nytimes.com/2025/12/23/business/china-autonomous-cars-driving.html
24,2025-12-23-10-00-00 +0000,wapo,This Christmas will be even harder for China’s Christians,https://www.washingtonpost.com/world/2025/12/23/china-christians-zion-church-crackdown/
24,2025-12-23-10-00-41 +0000,wapo,How Israeli covert activities in Syria seek to thwart its new government,https://www.washingtonpost.com/world/2025/12/23/israel-covert-activities-syria-druze/
24,2025-12-23-06-06-34 +0000,bbc,'A miracle': Officer shot in head during Bondi attack home from hospital,https://www.bbc.com/news/articles/cd0kxrr2jyko?at_medium=RSS&at_campaign=rss
24,2025-12-22-18-32-00 +0000,wsj,Coty Names P&G Veteran as Interim CEO Amid Beauty Shake-Up,https://www.wsj.com/business/retail/coty-names-new-interim-ceo-amid-strategic-review-877495a5?mod=pls_whats_news_us_business_f
24,2025-12-22-20-46-08 +0000,nyt,Carney Names Financier Mark Wiseman as Canada’s U.S. Ambassador,https://www.nytimes.com/2025/12/22/world/canada/mark-wiseman-canada-us-ambassador.html
24,2025-12-22-23-34-00 +0000,wsj,Larry Ellison Provides Personal Guarantee for Paramount’s Bid for Warner,https://www.wsj.com/business/deals/paramount-amends-bid-for-warner-discovery-with-new-ellison-guarantee-035b0ce8?mod=pls_whats_news_us_business_f
24,2025-12-23-00-28-57 +0000,latimes,A fatal drowning and a dramatic rescue in Northern California as heavy rains head to the Southland,https://www.latimes.com/california/story/2025-12-22/man-drowns-in-redding-floodwaters-as-heavy-rain-heads-toward-socal
24,2025-12-22-17-04-46 +0000,nypost,Instacart ends controversial program where users could see different prices for the same items,https://nypost.com/2025/12/22/business/instacart-ends-controversial-program-where-users-could-see-different-prices-for-the-same-items/
23,2025-12-23-08-09-39 +0000,wapo,"At least 5 dead after Mexican navy plane crashes near Galveston, Texas",https://www.washingtonpost.com/world/2025/12/23/galveston-plane-crash-mexico-navy/
23,2025-12-23-09-13-00 +0000,wsj,Oil Prices Flat After Hitting Largest Gain Since October on Monday,https://www.wsj.com/finance/commodities-futures/oil-futures-edge-lower-on-likely-technical-correction-d9771516?mod=rss_markets_main
23,2025-12-22-22-56-24 +0000,wapo,‘I ultimately had to comply’: ‘60 Minutes’ EP faces fallout after Bari Weiss shelves story,https://www.washingtonpost.com/business/2025/12/21/cbs-news-bari-weiss-intervention/
23,2025-12-22-23-35-47 +0000,nyt,Larry Ellison Personally Guarantees Paramount Bid for Warner Bros.,https://www.nytimes.com/2025/12/22/business/larry-ellison-paramount-warner-brothers-bid.html
23,2025-12-22-16-11-00 +0000,wsj,"Cintas Isn’t Taking Years of No for an Answer, Makes Fresh Bid for UniFirst",https://www.wsj.com/business/deals/cintas-isnt-taking-years-of-no-for-an-answer-makes-a-fresh-bid-for-unifirst-da54454d?mod=pls_whats_news_us_business_f
22,2025-12-22-19-01-17 +0000,nyt,"What to Know About Louisiana Gov. Jeff Landry, Who Was Named Greenland Envoy",https://www.nytimes.com/2025/12/22/us/jeff-landry-greenland-envoy-trump.html
22,2025-12-23-14-23-00 +0000,wsj,"U.S. economy posts robust growth in the third quarter, growing at an annual 4.3% rate",https://www.wsj.com/economy/us-gdp-q3-2025-2026-6cbd079e
22,2025-12-22-22-03-48 +0000,nyt,"Ella Cook, Brown University Shooting Victim, Is Mourned at Funeral in Alabama",https://www.nytimes.com/2025/12/22/us/ella-cook-funeral-brown-shooting.html
22,2025-12-22-16-42-34 +0000,bbc,Watch: JD Vance and Nicki Minaj speak to conservative youth at AmericaFest,https://www.bbc.com/news/videos/c4gvwdp3z9do?at_medium=RSS&at_campaign=rss
22,2025-12-22-23-17-13 +0000,missionlocal,Judge orders end to courthouse arrests across Northern California — for now,https://missionlocal.org/2025/12/sf-ice-courthouse-arrests-lawsuit-aclu/
22,2025-12-22-22-02-39 +0000,wapo,Heritage staffers quit amid latest strife at conservative institution,https://www.washingtonpost.com/business/2025/12/22/heritage-walkout-antisemitism/
22,2025-12-23-02-00-00 +0000,wsj,China’s Sprint for Tech Dominance Can’t Hide an Economy Full of Holes,https://www.wsj.com/world/china/china-economy-gap-tech-advance-970296f1
22,2025-12-23-07-57-19 +0000,nypost,Powerball jackpot soars to $1.7 billion after another night with no big winner,https://nypost.com/2025/12/23/us-news/powerball-1-6-billion-jackpot-numbers-and-results-for-dec-22/
22,2025-12-23-01-48-19 +0000,nyt,"Bondi Beach Gunmen Also Used Pipe Bombs in Attack, Police Say",https://www.nytimes.com/2025/12/22/world/australia/bondi-beach-shooting-pipebombs.html
22,2025-12-23-11-26-00 +0000,wsj,"Tech, Media & Telecom Roundup: Market Talk",https://www.wsj.com/business/tech-media-telecom-roundup-market-talk-4d083141?mod=rss_markets_main
22,2025-12-23-08-58-46 +0000,bbc,Five dead after plane carrying child burns victim crashes in Texas,https://www.bbc.com/news/articles/c1lr1yvqge5o?at_medium=RSS&at_campaign=rss
22,2025-12-23-11-00-00 +0000,nypost,NY education officials won’t say if state is complying with ‘FAFSA’ law meant to grant access to $1B in fed aid,https://nypost.com/2025/12/23/us-news/ny-education-officials-wont-say-if-state-is-complying-with-fafsa-law-meant-to-grant-access-to-1b-in-fed-aid/
21,2025-12-23-02-08-03 +0000,wapo,Education Dept. to examine safety procedures at Brown after shooting,https://www.washingtonpost.com/education/2025/12/22/brown-education-department-clery-act-mcmahon/
21,2025-12-23-13-50-27 +0000,nypost,NYPD searching for brute who smashed 10-year-old boy’s head into car windshield,https://nypost.com/2025/12/23/us-news/nypd-looking-for-brute-who-smashed-10-year-old-boys-head-into-car-windshield/
21,2025-12-22-17-13-00 +0000,wsj,Alphabet to Buy Intersect for $4.75 Billion as AI-Investment Plans Grow,https://www.wsj.com/tech/ai/alphabet-to-buy-intersect-for-4-75-billion-in-cash-b67ff7b9?mod=pls_whats_news_us_business_f
21,2025-12-23-14-12-00 +0000,wsj,"Dollar Trims Losses, Treasury Yields Rise After Robust U.S. GDP Data",https://www.wsj.com/finance/currencies/yen-mostly-strengthens-after-reported-warning-by-japans-finance-minister-992f61d4?mod=rss_markets_main
21,2025-12-22-22-11-29 +0000,wapo,Instacart halts AI testing program that raised costs for some shoppers,https://www.washingtonpost.com/business/2025/12/22/instacart-price-testing-program/
21,2025-12-23-13-15-56 +0000,nyt,Russia Bombards Ukraine Hours After Zelensky Calls Peace Plan ‘Quite Solid’,https://www.nytimes.com/2025/12/23/world/europe/ukraine-russia-peace-plan-strikes.html
21,2025-12-23-12-22-10 +0000,nypost,Florida dad stole 400 pounds of avocados to get cash for kids’ Christmas-presents: cops,https://nypost.com/2025/12/23/us-news/florida-dad-stole-400-pounds-of-avocados-to-get-cash-for-kids-christmas-presents-cops/
21,2025-12-23-01-54-15 +0000,latimes,"California, other states file suit to prevent shutdown of federal consumer agency",https://www.latimes.com/business/story/2025-12-22/california-other-states-sue-to-protect-federal-consumer-agency
21,2025-12-23-11-21-21 +0000,bbc,"Track UK's latest migration numbers - including asylum, visas and small boats",https://www.bbc.com/news/articles/c70989jrdweo?at_medium=RSS&at_campaign=rss
20,2025-12-22-21-46-17 +0000,cbc,6 British men charged with more than 60 sexual assault offences against same woman,https://www.cbc.ca/news/world/britain-sex-assault-crimes-husband-9.7025363?cmp=rss
20,2025-12-23-11-18-57 +0000,nypost,"Hunter Biden rips dad Joe’s presidency over immigration, Afghanistan in stunning interview: ‘Obvious f–ing failure’",https://nypost.com/2025/12/23/us-news/hunter-biden-rips-dad-joes-presidency-over-immigration-afghanistan-in-stunning-interview/
20,2025-12-23-07-03-00 +0000,wsj,China’s BYD Logs Another Month of Strong Sales Growth in Europe,https://www.wsj.com/business/autos/chinas-byd-logs-another-month-of-strong-sales-growth-in-europe-8c478f27?mod=pls_whats_news_us_business_f
20,2025-12-22-19-12-25 +0000,nyt,Did Charlie Javice’s 147-Member Legal Team Expense $529 in Gummy Bears?,https://www.nytimes.com/2025/12/22/business/charlie-javice-jpmorgan-legal-bills.html
20,2025-12-22-20-02-24 +0000,latimes,Shark attack feared after swimmer goes missing off Monterey Bay coast,https://www.latimes.com/california/story/2025-12-22/shark-attack-feared-after-swimmer-goes-missing-off-monterey-bay-coast
20,2025-12-23-02-00-00 +0000,wsj,A Russian Billionaire Fights Global Infertility—With 100 of His Own Children,https://www.wsj.com/world/pavel-durov-children-fertility-sperm-donation-3d6d5231
20,2025-12-23-01-58-49 +0000,nyt,Turmoil at CBS News After Bari Weiss Pulls a ‘60 Minutes’ Segment,https://www.nytimes.com/2025/12/22/business/media/cbs-news-bari-weiss-60-minutes.html
20,2025-12-23-09-44-42 +0000,wapo,China bans sharing ‘obscene’ material — potentially including sexting,https://www.washingtonpost.com/world/2025/12/23/china-porn-ban-online-censorship/
20,2025-12-22-18-55-12 +0000,cbc,"Canada Post and union representing workers reach tentative agreement, agree not to strike",https://www.cbc.ca/news/business/canada-post-tentative-agreement-9.7025313?cmp=rss
20,2025-12-22-18-34-00 +0000,bbc,NGOs fear Israel registration rules risk collapse of Gaza aid operations,https://www.bbc.com/news/articles/cx2dmj7p8y2o?at_medium=RSS&at_campaign=rss
19,2025-12-22-22-41-00 +0000,wsj,Opinion | The Heritage Foundation Blows Up,https://www.wsj.com/opinion/heritage-foundation-staff-exodus-mike-pence-kevin-roberts-c4ba0b7c
19,2025-12-23-14-28-05 +0000,nypost,Woman killed in NYC scaffolding collapse after garbage truck crash,https://nypost.com/2025/12/23/us-news/woman-killed-in-east-harlem-scaffolding-collapse-after-garbage-truck-crash/
19,2025-12-23-11-37-00 +0000,wsj,Financial Services Roundup: Market Talk,https://www.wsj.com/finance/investing/financial-services-roundup-market-talk-acba56d3?mod=rss_markets_main
19,2025-12-22-19-07-13 +0000,nyt,China Vanke Gets Temporary Lifeline to Prevent Debt Default,https://www.nytimes.com/2025/12/22/business/china-vanke-real-estate-default.html
19,2025-12-22-16-41-14 +0000,nyt,How U.S. Defense Industry Dodged a Rare-Earth Shortage After China’s Curbs,https://www.nytimes.com/2025/12/22/business/defense-industry-rare-earth-restrictions-china.html
19,2025-12-22-21-56-29 +0000,nypost,Billionaires are plotting to flee California if huge wealth tax passes,https://nypost.com/2025/12/22/us-news/california-billionaires-plan-exodus-if-wealth-tax-passes/
19,2025-12-23-03-39-28 +0000,nypost,Ex-MLB All-Star blasts Disney Cruise Line over ‘man dressed as woman’,https://nypost.com/2025/12/22/sports/ex-mlb-all-star-ender-inciarte-blasts-disney-cruise-line-over-man-dressed-as-woman/
18,2025-12-22-21-56-00 +0000,wsj,Energy & Utilities Roundup: Market Talk,https://www.wsj.com/business/energy-utilities-roundup-market-talk-eed1b9aa?mod=pls_whats_news_us_business_f
18,2025-12-23-04-42-56 +0000,nyt,"Mexican Medical Plane Crashes in Galveston Bay, Killing at Least 2",https://www.nytimes.com/2025/12/22/us/galveston-plane-crash-mexico-navy.html
18,2025-12-23-04-38-00 +0000,wsj,Inside Bari Weiss’s Decision to Pull a ‘60 Minutes’ Segment,https://www.wsj.com/business/media/inside-bari-weisss-decision-to-pull-a-60-minutes-segment-91085279?mod=pls_whats_news_us_business_f
18,2025-12-22-22-01-00 +0000,wsj,Basic Materials Roundup: Market Talk,https://www.wsj.com/articles/basic-materials-roundup-market-talk-f814aa86?mod=rss_markets_main
18,2025-12-22-21-02-43 +0000,bbc,US pauses offshore wind projects over security concerns,https://www.bbc.com/news/articles/cd74lyr094vo?at_medium=RSS&at_campaign=rss
18,2025-12-23-13-59-00 +0000,wsj,Takeaways From the FBI’s Second Batch of Epstein Files,https://www.wsj.com/politics/policy/takeaways-from-the-fbis-second-batch-of-epstein-files-762dfb53
18,2025-12-23-14-10-00 +0000,wsj,Treasury Yields Rise After Robust U.S. GDP Data,https://www.wsj.com/finance/investing/jgbs-edge-higher-on-possible-dip-buying-interest-25d0eb9f?mod=rss_markets_main
18,2025-12-23-10-32-38 +0000,nypost,"Nearly 100 Minnesota mayors warn state fiscal policies are hurting cities, residents and local budgets",https://nypost.com/2025/12/23/us-news/98-minnesota-mayors-warn-state-fiscal-policies-are-hurting-cities-residents-and-local-budgets/
18,2025-12-22-19-24-18 +0000,nypost,Iran tests ballistic missiles six months after 12-day war with Israel,https://nypost.com/2025/12/22/world-news/iran-tests-ballistic-missiles-six-months-after-12-day-war-with-israel/
17,2025-12-23-11-00-00 +0000,wsj,"Layoffs Expected as Marketers Face Pressure Over AI Savings, Survey Finds",https://www.wsj.com/articles/layoffs-expected-as-marketers-face-pressure-over-ai-savings-survey-finds-e896b64b?mod=pls_whats_news_us_business_f
17,2025-12-23-10-30-00 +0000,wsj,Car Payments Now Average More Than $750 a Month. Enter the 100-Month Car Loan.,https://www.wsj.com/business/autos/car-payments-now-average-more-than-750-a-month-enter-the-100-month-car-loan-fcd7d284?mod=pls_whats_news_us_business_f
17,2025-12-22-22-34-00 +0000,wsj,"Jurors Deadlock in Trial of Linda Sun, Accused of Acting as China Agent",https://www.wsj.com/us-news/law/jurors-deadlock-in-trial-of-linda-sun-accused-of-acting-as-china-agent-8ed1f027
17,2025-12-23-03-19-27 +0000,latimes,"Apple, Google and others tell some foreign employees to avoid traveling out of the country",https://www.latimes.com/business/story/2025-12-22/apple-google-others-tell-some-foreign-employees-to-avoid-traveling-out-of-country
17,2025-12-22-17-05-23 +0000,cbc,IDF says it shot teen in West Bank after hurling brick at soldiers. Video appears to contradict that,https://www.cbc.ca/news/world/israeli-military-teen-killed-cctv-footage-9.7025013?cmp=rss
17,2025-12-22-21-39-04 +0000,bbc,Wildfire-hit town wins €468m in Spain's Christmas lottery,https://www.bbc.com/news/articles/cz7ndpq42y0o?at_medium=RSS&at_campaign=rss
17,2025-12-23-11-00-00 +0000,nypost,"Unique tattoo links missing stripper, 27, to dismembered body found along NYC highway: family",https://nypost.com/2025/12/23/us-news/unique-tattoo-ties-missing-stripper-27-to-dismembered-body-found-along-nyc-highway-family/
17,2025-12-23-12-00-44 +0000,bbc,AI app apologises over false crime alerts across US,https://www.bbc.com/news/videos/c4g4v3yd28yo?at_medium=RSS&at_campaign=rss
17,2025-12-23-09-23-51 +0000,bbc,TikTok removes AI weight loss ads from fake Boots account,https://www.bbc.com/news/articles/c997lkdjdy5o?at_medium=RSS&at_campaign=rss
16,2025-12-22-18-26-17 +0000,nypost,"Toxic fumes on planes blamed for pilot deaths, suicides and brain damage: report",https://nypost.com/2025/12/22/business/toxic-fumes-on-planes-blamed-for-pilot-deaths-suicides-and-brain-damage-report/
16,2025-12-23-14-24-13 +0000,cbc,"Canadian economy shrank by 0.3% in October, the biggest slump in almost 3 years",https://www.cbc.ca/news/business/canada-gdp-oct-2025-9.7026157?cmp=rss
16,2025-12-23-12-00-00 +0000,startribune,High school hockey: Listing Minnesota’s 20 must-see rinks,https://www.startribune.com/best-hockey-rinks-for-high-school-games-in-minnesota-warroad-eveleth-braemar/601540981
16,2025-12-23-12-21-26 +0000,bbc,Thousands fleeing DR Congo violence face 'dire conditions' in Burundi - aid agencies,https://www.bbc.com/news/articles/cjdr4vx4n8ro?at_medium=RSS&at_campaign=rss
16,2025-12-22-18-07-21 +0000,nyt,What We Know About U.S. Interceptions of Oil Tankers in Venezuela,https://www.nytimes.com/2025/12/22/us/politics/trump-oil-tankers-venezuela.html
16,2025-12-22-23-46-56 +0000,cbc,"Vince Zampella, video game pioneer behind Call of Duty, dead at 55",https://www.cbc.ca/news/entertainment/vince-zampella-obit-9.7025860?cmp=rss
16,2025-12-23-01-48-39 +0000,nyt,Judge Tells U.S. to Help Bring Back Deported Venezuelans or Allow Legal Challenges,https://www.nytimes.com/2025/12/22/us/trump-boasberg-alien-enemies-act-venezuela.html
16,2025-12-22-22-55-08 +0000,latimes,"Lopez: For Bass and LAFD, there's no watering down how bad 2025 has been",https://www.latimes.com/california/story/2025-12-22/for-bass-lafd-theres-no-watering-down-how-bad-2025-has-been
16,2025-12-22-20-48-32 +0000,nypost,Gold and silver explode to record highs as Fed pivot sends yields tumbling,https://nypost.com/2025/12/22/business/gold-and-silver-soar-to-record-highs-as-fed-pivot-sends-yields-tumbling/
16,2025-12-23-05-52-33 +0000,nyt,"May Britt, 91, Dies; Her Marriage to Sammy Davis Jr. Sparked Outrage",https://www.nytimes.com/2025/12/22/movies/may-britt-dead.html
16,2025-12-23-10-00-50 +0000,wapo,‘It’s a war’: Inside ICE’s media machine,https://www.washingtonpost.com/technology/interactive/2025/ice-social-media-blitz/
16,2025-12-23-11-00-00 +0000,latimes,Arellano: 'It's a Wonderful ICE?' Trumpworld tries to hijack a holiday classic,https://www.latimes.com/california/story/2025-12-23/donald-trump-its-a-wonderful-life
16,2025-12-22-20-02-26 +0000,nyt,U.K. Man and 5 Others Charged With Sexual Offenses Against His Wife,https://www.nytimes.com/2025/12/22/world/europe/philip-young-wife-rape-charges.html
15,2025-12-23-12-44-59 +0000,bbc,Fish and chip shop offers 100 free Christmas meals,https://www.bbc.com/news/articles/cm20gql79lzo?at_medium=RSS&at_campaign=rss
15,2025-12-22-18-25-38 +0000,bbc,Post Office had deal with Fujitsu to fix Horizon errors 19 years ago,https://www.bbc.com/news/articles/cqlkx6n15ero?at_medium=RSS&at_campaign=rss
15,2025-12-23-14-47-51 +0000,nyt,Why the A.I. Rally (and the Bubble Talk) Could Continue Next Year,https://www.nytimes.com/2025/12/23/business/dealbook/ai-rally-bubble-2026.html
15,2025-12-23-12-00-00 +0000,startribune,"Love it or hate it, St. Paul’s green Spruce Tree Centre is having a moment",https://www.startribune.com/spruce-tree-centre-st-paul/601543823
15,2025-12-22-16-18-00 +0000,nypost,"Kushner, Witkoff draft $112B proposal to develop Gaza into ‘smart city’ with luxury resorts",https://nypost.com/2025/12/22/world-news/kushner-witkoff-draft-112b-proposal-to-develop-gaza-into-futuristic-smart-city-report/
15,2025-12-23-06-49-35 +0000,nyt,Justice Dept. Sues Illinois Over Law Limiting Immigration Enforcement,https://www.nytimes.com/2025/12/23/us/politics/illinois-immigration-lawsuit-justice-department.html
15,2025-12-23-09-37-00 +0000,wsj,Samsung to Acquire ZF Friedrichshafen’s ADAS Unit for Nearly $1.8 Billion,https://www.wsj.com/business/autos/samsung-to-acquire-zf-friedrichshafens-adas-unit-for-nearly-1-8-billion-4ba79f6f?mod=pls_whats_news_us_business_f
15,2025-12-23-13-46-09 +0000,bbc,"Scrap non-crime hate incidents, police leaders to recommend",https://www.bbc.com/news/articles/c62dv1l0jelo?at_medium=RSS&at_campaign=rss
15,2025-12-23-13-36-08 +0000,wapo,"Economic growth surges in late summer, the highest in two years",https://www.washingtonpost.com/business/2025/12/23/gdp-economy-consumer-spending/
15,2025-12-22-21-55-00 +0000,wsj,Democratic Attorneys General Sue Russell Vought Over CFPB Funding,https://www.wsj.com/politics/policy/democratic-attorneys-general-sue-russell-vought-over-cfpb-funding-3b7f8e6a?mod=rss_markets_main
15,2025-12-22-17-08-00 +0000,wsj,Canada’s Consumer Heads Into 2026 on Firmer Footing,https://www.wsj.com/economy/consumers/canadas-consumer-heads-into-2026-on-firmer-footing-6b62260d
15,2025-12-22-23-01-25 +0000,latimes,2 young girls killed in Murrieta house fire; parents hospitalized,https://www.latimes.com/california/story/2025-12-22/2-young-girls-killed-in-socal-house-fire-days-before-christmas
15,2025-12-22-21-33-00 +0000,wsj,Mass recall of U.S. ambassadors leaves unprecedented global vacancies,https://www.wsj.com/politics/policy/mass-recall-of-u-s-ambassadors-leaves-unprecedented-global-vacancies-b031a9ac
15,2025-12-22-22-33-00 +0000,wsj,Opinion | China Stalks a Hong Kong Dissident Abroad,https://www.wsj.com/opinion/carmen-lau-china-embassy-london-u-k-hong-kong-c170e10b
15,2025-12-22-20-30-41 +0000,cbc,Barry Manilow announces surgery for early-stage cancer and postpones January concerts,https://www.cbc.ca/news/entertainment/barry-manilow-lung-cancer-surgery-9.7025447?cmp=rss
15,2025-12-22-23-33-51 +0000,bbc,India's jobs guarantee scheme: A global model under threat?,https://www.bbc.com/news/articles/c1lr980vvjpo?at_medium=RSS&at_campaign=rss
15,2025-12-22-22-26-31 +0000,nyt,"Reading ‘A Christmas Carol’ Aloud, and Leaning Into Its Dark Side",https://www.nytimes.com/2025/12/22/arts/charles-dickens-museum-christmas-carol.html
15,2025-12-23-00-33-43 +0000,startribune,U.S. House Oversight Committee expands investigation into Minnesota fraud,https://www.startribune.com/us-house-oversight-committee-expands-investigation-into-minnesota-fraud/601551620
15,2025-12-23-00-25-58 +0000,nypost,Saks Fifth Avenue parent mulls Chapter 11 bankruptcy as it seeks emergency funds: report,https://nypost.com/2025/12/22/business/saks-fifth-avenue-parent-mulls-chapter-11-bankruptcy-report/
15,2025-12-23-10-00-46 +0000,nyt,This Texas Family Was Part of the Biggest U.S. Measles Outbreak in a Generation,https://www.nytimes.com/2025/12/23/us/measles-outbreak-texas-timmons.html
14,2025-12-23-07-44-32 +0000,bbc,Our son can't come home for Christmas after insulation mould took over,https://www.bbc.com/news/articles/cz0ne0k70dro?at_medium=RSS&at_campaign=rss
14,2025-12-22-23-23-00 +0000,wsj,"Three Inmates, Including Man Convicted of Murder, Escape From Atlanta-Area Jail",https://www.wsj.com/us-news/georgia-jail-escape-dekalb-county-77721549
14,2025-12-22-23-05-20 +0000,nypost,JD Vance smashes AmericaFest 2028 straw poll,https://nypost.com/2025/12/22/us-news/jd-vance-smashes-americafest-2028-straw-poll-tops-trumps-position-2-years-ago/
14,2025-12-22-17-16-05 +0000,nyt,"Christmas Is Back in Bethlehem, but Peace and Joy Have Yet to Arrive",https://www.nytimes.com/2025/12/22/world/middleeast/christmas-in-bethlehem-west-bank.html
14,2025-12-23-01-50-10 +0000,48hills,A small piece of land in SF for unhoused people to build their own future …,https://48hills.org/2025/12/a-piece-of-land-in-sf-for-unhoused-people-to-build-their-own-future/
14,2025-12-23-11-00-00 +0000,latimes,"Holiday storm: SoCal evacuations, road closures and safety tips",https://www.latimes.com/california/story/2025-12-23/holiday-storm-socal-evacuations-road-closures-safety-tips
14,2025-12-23-12-00-04 +0000,nyt,"Shoppers Spent Big This Holiday Season, Despite Economic Pressures",https://www.nytimes.com/2025/12/23/business/holiday-spending-mastercard.html
14,2025-12-23-08-59-40 +0000,bbc,Afrobeats star Asake 'devastated' after fan dies in Kenya stadium crush,https://www.bbc.com/news/articles/c36zd2ddd5lo?at_medium=RSS&at_campaign=rss
14,2025-12-22-21-27-01 +0000,bbc,Ros Atkins on… the oil tanker being pursued by the US,https://www.bbc.com/news/videos/ce3w4x2v0xko?at_medium=RSS&at_campaign=rss
14,2025-12-23-14-13-51 +0000,bbc,US economy grows at fastest pace in two years,https://www.bbc.com/news/articles/c62n9ynzrdpo?at_medium=RSS&at_campaign=rss
13,2025-12-23-13-52-56 +0000,wapo,U.K. man and five others charged with sexually abusing his wife over 13 years,https://www.washingtonpost.com/world/2025/12/23/philip-young-wife-rape-britain/
13,2025-12-22-19-38-10 +0000,bbc,Baby followed by BBC back in Gaza hospital after treatment abroad,https://www.bbc.com/news/articles/c2084n1pyvdo?at_medium=RSS&at_campaign=rss
13,2025-12-23-06-59-34 +0000,nyt,"After Power Outage, San Francisco Wonders: Can Waymo Taxis Handle a Big Earthquake?",https://www.nytimes.com/2025/12/22/us/waymo-san-francisco-power-earthquake.html
13,2025-12-22-23-00-17 +0000,nyt,"Rafael Ithier, Ambassador of Puerto Rican Music, Dies at 99",https://www.nytimes.com/2025/12/19/arts/music/rafael-ithier-dead.html
13,2025-12-23-10-00-07 +0000,nyt,"German Leaders, Undercutting the Far Right, Are Leaning on the Far Left",https://www.nytimes.com/2025/12/23/world/europe/germany-parliament-die-linke.html
13,2025-12-23-14-30-00 +0000,bbc,Government waters down inheritance tax plan for farms,https://www.bbc.com/news/articles/c8e9n3y28g1o?at_medium=RSS&at_campaign=rss
13,2025-12-23-12-00-00 +0000,missionlocal,S.F.’s latest art show covers the city’s drains,https://missionlocal.org/2025/12/s-f-s-latest-art-show-covers-the-citys-drains/
13,2025-12-23-12-00-00 +0000,wsj,Why Japan’s Stock Market Can Keep Rising,https://www.wsj.com/world/asia/why-japans-stock-market-can-keep-rising-eebacc8d
13,2025-12-22-18-12-31 +0000,cbc,"International Swimming League targets 2026 relaunch after COVID, war disruptions",https://www.cbc.ca/sports/olympics/summer/aquatics/swimming/international-swimming-league-planned-return-2026-9.7025261?cmp=rss
13,2025-12-23-00-04-45 +0000,bbc,The showers and baths keeping data centre tech cool,https://www.bbc.com/news/articles/cp8zd176516o?at_medium=RSS&at_campaign=rss
13,2025-12-22-22-23-37 +0000,nypost,"Calif. mayor blasts Newsom’s total failure on homelessness, crime",https://nypost.com/2025/12/22/us-news/san-jose-mayor-matt-mahan-criticizes-gavin-newsom-on-homelessness-crime/
13,2025-12-22-21-15-52 +0000,48hills,Cruising for Christmas: A horny gay guide to the holidays,https://48hills.org/2025/12/cruising-for-christmas-a-horny-gay-guide-to-the-holidays/
12,2025-12-23-14-43-58 +0000,nyt,"U.S. GDP Grew 4.3%, Surging in Third Quarter of 2025",https://www.nytimes.com/2025/12/23/business/us-economy-consumer-spending.html
12,2025-12-23-11-55-57 +0000,bbc,Israel extends order allowing closure of foreign broadcasters,https://www.bbc.com/news/articles/c2k47wg2j90o?at_medium=RSS&at_campaign=rss
12,2025-12-23-11-30-07 +0000,wapo,"For Latino families, Nochebuena looks different this year",https://www.washingtonpost.com/nation/interactive/2025/nochebuena-christmas-immigration/
12,2025-12-23-01-29-07 +0000,bbc,US regulator approves pill form of Wegovy weight-loss drug,https://www.bbc.com/news/articles/ce86le5dyxyo?at_medium=RSS&at_campaign=rss
12,2025-12-23-01-00-00 +0000,wsj,Venezuela Is Relying on 20 Aging Planes After U.S. Restricted Its Airspace,https://www.wsj.com/world/americas/venezuela-is-relying-on-20-aging-planes-after-u-s-restricted-its-airspace-e9d89f6b
12,2025-12-23-11-00-00 +0000,startribune,Rash: The clock is ticking on the credibility of ‘60 Minutes’ — and CBS,https://www.startribune.com/bari-weiss-cecot-story-trump-administration-prison/601551556
12,2025-12-23-05-00-10 +0000,nyt,"After Bondi Massacre, a Moment of Unity. Then, Bitter Partisanship.",https://www.nytimes.com/2025/12/23/world/australia/australia-bondi-massacre-politics.html
12,2025-12-22-19-37-00 +0000,wsj,"Opinion | Ivanpah Deserves Another Look, Mr. President",https://www.wsj.com/opinion/invanpah-deserves-another-look-mr-trump-solar-energy-8d7861e8?mod=pls_whats_news_us_business_f
12,2025-12-22-19-36-01 +0000,nyt,"Assad, Ousted Syrian Ruler, Leads Life of Luxury in Russia",https://www.nytimes.com/2025/12/22/world/middleeast/assad-syria-exile-luxury.html
12,2025-12-23-10-00-00 +0000,wapo,Canadian linguists ask prime minister to stop spelling like a Brit,https://www.washingtonpost.com/world/2025/12/23/mark-carney-canadian-english/
12,2025-12-23-10-00-41 +0000,nyt,The Strange Case of the Russian Snickers in U.K. Convenience Shops,https://www.nytimes.com/2025/12/23/world/europe/russian-snickers-candy-britain-trade.html
12,2025-12-23-10-14-00 +0000,wsj,Italy Competition Authority Fines Ryanair Over Travel Agencies’ Bookings,https://www.wsj.com/business/airlines/italy-competition-authority-fines-ryanair-over-travel-agencies-bookings-2231e28c
12,2025-12-23-10-30-00 +0000,wsj,Small Nebraska Town Is Reeling From Exit of Meatpacking Giant Tyson,https://www.wsj.com/us-news/a-small-nebraska-town-is-reeling-from-the-exit-of-meatpacking-giant-tyson-7a0b7946
11,2025-12-22-19-00-00 +0000,cbc,Ottawa offers over $35.5B for First Nations child welfare reform,https://www.cbc.ca/news/politics/carney-government-child-welfare-reform-announcements-9.7025097?cmp=rss
11,2025-12-23-14-51-00 +0000,wsj,ServiceNow to Acquire Cybersecurity Startup Armis for About $7.75 Billion,https://www.wsj.com/finance/investing/servicenow-to-acquire-armis-for-about-7-75-billion-531aa8dc?mod=pls_whats_news_us_business_f
11,2025-12-22-17-53-18 +0000,bbc,Lib Dems write to human rights watchdog over election delays,https://www.bbc.com/news/articles/cwyljpjwy2zo?at_medium=RSS&at_campaign=rss
11,2025-12-22-18-45-00 +0000,wsj,Opinion | An Overdue Distinction for a Korean War Flying Ace,https://www.wsj.com/opinion/an-overdue-distinction-for-a-korean-war-flying-ace-44d27559
11,2025-12-23-12-01-00 +0000,startribune,Don’t call it a spa: 100-person sauna Bathhouse coming to Minneapolis’ North Loop,https://www.startribune.com/minnesota-minneapolis-north-loop-bathhouse-sauna-spa-steam-room-massage-new-york-pool-rooftop/601551401
11,2025-12-23-13-09-00 +0000,wsj,J&J Ordered to Pay Over $1.5 Billion in Talc Lawsuit,https://www.wsj.com/us-news/law/j-j-ordered-to-pay-over-1-5-billion-in-talc-lawsuit-c146efaf
11,2025-12-23-12-47-23 +0000,bbc,Screams for help and panic as tourists rescued from fatal Laos ferry disaster,https://www.bbc.com/news/articles/cx2gk56pd5eo?at_medium=RSS&at_campaign=rss
11,2025-12-23-12-00-00 +0000,startribune,Sweet Lou’s bringing its burgers and craft sausages to St. Louis Park,https://www.startribune.com/sweet-lous-bringing-its-burgers-and-craft-sausages-to-st-louis-park/601543814
11,2025-12-22-22-26-00 +0000,wsj,Opinion | Minnesota Paid Dearly for Saving $1 Million,https://www.wsj.com/opinion/minnesota-paid-dearly-for-saving-1-million-8c93ba7e
11,2025-12-23-00-39-13 +0000,latimes,Fight between Waymo and Santa Monica goes to court,https://www.latimes.com/california/story/2025-12-22/fight-between-waymo-santa-monica-goes-to-court
11,2025-12-23-02-49-45 +0000,bbc,"Amazon blocks 1,800 job applications from suspected North Korean agents",https://www.bbc.com/news/articles/c3e0kw80wwzo?at_medium=RSS&at_campaign=rss
11,2025-12-23-02-44-50 +0000,bbc,English councils warned against adopting four-day week,https://www.bbc.com/news/articles/cgl6j8n04eno?at_medium=RSS&at_campaign=rss
11,2025-12-22-20-04-18 +0000,wapo,"Congressional probe of DCA collision faults Army, seeks Pentagon review",https://www.washingtonpost.com/national-security/2025/12/22/dca-collision-army-congress/
11,2025-12-22-21-53-15 +0000,latimes,"Reiner children say they'll have a memorial to Rob, Michele at a later date",https://www.latimes.com/california/story/2025-12-22/la-me-reiner-memorial-children
11,2025-12-22-17-00-00 +0000,wsj,Ralph Lauren Was Always Cool. Now Gen Z Knows Why.,https://www.wsj.com/business/retail/ralph-lauren-was-always-cool-now-gen-z-knows-why-2953032c?mod=pls_whats_news_us_business_f
11,2025-12-22-17-32-31 +0000,nyt,A Planned Parenthood in Iowa Closed. A Christian Clinic Seized the Moment.,https://www.nytimes.com/2025/12/22/us/politics/planned-parenthood-christian-clinic.html
10,2025-12-23-06-01-14 +0000,bbc,Who are the frontrunners for the top Fed job?,https://www.bbc.com/news/articles/c4g907zekllo?at_medium=RSS&at_campaign=rss
10,2025-12-23-05-07-25 +0000,nypost,Jim Beam closing Kentucky distillery for a year,https://nypost.com/2025/12/23/us-news/jim-beam-closing-kentucky-distillery-for-a-year/
10,2025-12-23-04-00-00 +0000,wsj,How a String of Hacks Embarrassed Cyber Powerhouse Israel,https://www.wsj.com/world/middle-east/israel-iran-cyberattacks-hacks-ddcd10d0
10,2025-12-23-02-34-05 +0000,48hills,Rachel Wolfe-Goldsmith’s art is empowerment writ large,https://48hills.org/2025/12/rachel-wolfe-goldsmiths-art-is-empowerment-writ-large/
10,2025-12-23-11-00-00 +0000,latimes,"Rose Parade float has a firefighter, pancakes, syrup: Here's why some people were upset",https://www.latimes.com/california/story/2025-12-23/sierra-madre-rose-parade-float-criticized
10,2025-12-23-12-00-00 +0000,missionlocal,‘We felt abandoned’: Richmond District seniors describe nightmare 48 hours in S.F. blackout,https://missionlocal.org/2025/12/sf-richmond-district-seniors-blackout-pge/
10,2025-12-22-17-40-24 +0000,nyt,"After the Assad Regime’s Fall, His Enforcers Are Lying Low and Living Large",https://www.nytimes.com/2025/12/22/world/middleeast/assad-syria-enforcers-lives-now.html
10,2025-12-23-10-01-23 +0000,nypost,Travel YouTuber Adam the Woo dead at 51,https://nypost.com/2025/12/23/us-news/youtuber-adam-the-woo-dead-at-51/
9,2025-12-23-14-20-30 +0000,nyt,"In Ontario, the Uplifting Case of a Ballet Company’s Stolen ‘Nutcracker’ Sets",https://www.nytimes.com/2025/12/23/arts/dance/nutcracker-ballet-jorgen-stolen-set-toronto-canada.html
9,2025-12-22-20-23-00 +0000,nyt,Agriculture Department Sheds a Fifth of Its Workers,https://www.nytimes.com/2025/12/22/us/politics/trump-agriculture-department-resignations-cuts.html
9,2025-12-22-16-46-56 +0000,latimes,"30 years ago, the way we looked at L.A. changed forever because of 'Heat'",https://www.latimes.com/california/story/2025-12-22/30-years-ago-way-we-looked-at-la-changed-forever
9,2025-12-22-17-25-06 +0000,bbc,Barry Manilow to have surgery for 'cancerous spot' on lung,https://www.bbc.com/news/articles/c62dvg1zn95o?at_medium=RSS&at_campaign=rss
9,2025-12-23-13-00-32 +0000,wapo,"Maine deer eat from trough on live stream, have become internet darlings",https://www.washingtonpost.com/lifestyle/2025/12/23/deer-feeding-maine-live-youtube/
9,2025-12-23-01-58-18 +0000,nyt,"The Economy Survived 2025, But Many Americans Are Reeling",https://www.nytimes.com/2025/12/22/business/economy-unemployment-wages-affordability.html
9,2025-12-22-18-34-24 +0000,nyt,"More Abducted Nigerian Children Are Released, Government Says",https://www.nytimes.com/2025/12/22/world/africa/nigeria-school-students-children-released.html
9,2025-12-23-12-06-58 +0000,nypost,Nick Reiner got hooked on heroin after going to rehab at just 16,https://nypost.com/2025/12/23/us-news/nick-reiner-got-hooked-on-heroin-after-going-to-a-woke-rehab-at-just-16/
9,2025-12-23-03-00-00 +0000,wsj,I’m Worried About Toxic Fumes on My Upcoming Flight—What Can I Do?,https://www.wsj.com/business/airlines/im-worried-about-toxic-fumes-on-my-upcoming-flight-what-can-i-do-d436198f?mod=pls_whats_news_us_business_f
9,2025-12-22-21-50-00 +0000,wsj,Stocks Advance Toward Records in Broad Rally,https://www.wsj.com/finance/stocks/stocks-advance-toward-records-in-broad-rally-63fea1de?mod=rss_markets_main
8,2025-12-22-22-15-56 +0000,nyt,Lynching of a Hindu in Bangladesh Fans Fears of Rising Intolerance,https://www.nytimes.com/2025/12/22/world/asia/bangladesh-hindu-muslim-lynching.html
8,2025-12-23-14-11-00 +0000,wsj,Durable-Goods Orders Swung to a Decline in October,https://www.wsj.com/economy/durable-goods-orders-swung-to-a-decline-in-october-47fb217a
8,2025-12-23-10-00-24 +0000,nyt,"Private Equity, Saddled With Investments It Can’t Sell, Loses Its Luster",https://www.nytimes.com/2025/12/23/business/private-equity-stock-market.html
8,2025-12-23-11-39-05 +0000,bbc,Bet365 boss pay package rises to £280m,https://www.bbc.com/news/articles/c1j914rj64do?at_medium=RSS&at_campaign=rss
8,2025-12-23-10-00-00 +0000,wapo,Abandoning homeownership may be changing how people behave at work and home,https://www.washingtonpost.com/business/2025/12/23/giving-up-homeownership-affordability/
7,2025-12-23-14-31-33 +0000,nyt,Here’s the latest.,https://www.nytimes.com/live/2025/12/23/us/epstein-files-trump/epstein-files-trump
7,2025-12-23-14-10-19 +0000,bbc,Gunmen abduct 28 Muslim travellers in central Nigeria,https://www.bbc.com/news/articles/czj0ll7ppewo?at_medium=RSS&at_campaign=rss
7,2025-12-23-11-38-53 +0000,bbc,Food bank supplier saved by 'incredible' donation,https://www.bbc.com/news/articles/cp84e0xgygdo?at_medium=RSS&at_campaign=rss
7,2025-12-22-20-12-00 +0000,wsj,U.S. Natural Gas Settles Lower in Choppy Trade,https://www.wsj.com/articles/european-gas-prices-on-pace-for-yearly-loss-of-more-than-40-4c6b9755?mod=rss_markets_main
7,2025-12-23-13-34-33 +0000,nyt,Greta Thunberg Arrested in U.K. at Protest Supporting Palestine Action,https://www.nytimes.com/2025/12/23/world/europe/greta-thunberg-arrest-uk-palestine-action.html
7,2025-12-22-18-17-57 +0000,bbc,Ecuadorean soldiers jailed for 34 years over boys' forced disappearance,https://www.bbc.com/news/articles/cx237k4rr04o?at_medium=RSS&at_campaign=rss
7,2025-12-23-09-43-00 +0000,wsj,Pill Version of Wegovy Is Approved for Use in the U.S.,https://www.wsj.com/health/pharma/fda-approves-glp1-weight-loss-pill-6d6a6f2d?mod=pls_whats_news_us_business_f
7,2025-12-23-11-00-00 +0000,latimes,Snoopy is everywhere right now — from jewelry to pimple patches. Why?,https://www.latimes.com/entertainment-arts/story/2025-12-23/why-is-snoopy-everywhere-peanuts-collabs-retailers
7,2025-12-23-12-00-00 +0000,missionlocal,A working-class hero,https://missionlocal.org/2025/12/sf-photos-a-working-class-hero/
6,2025-12-23-14-52-00 +0000,wsj,U.S. Natural Gas Gains on Weather,https://www.wsj.com/articles/u-s-natural-gas-gains-on-weather-1548968b?mod=rss_markets_main
6,2025-12-22-16-30-29 +0000,bbc,Plymouth elections go ahead but Exeter undecided,https://www.bbc.com/news/articles/c04vkeyzn4ro?at_medium=RSS&at_campaign=rss
6,2025-12-23-10-01-54 +0000,nyt,YouTube Has a Firm Grip on Daytime TV,https://www.nytimes.com/2025/12/23/business/media/youtube-has-a-firm-grip-on-daytime-tv.html
6,2025-12-23-10-00-45 +0000,nyt,"In Norway, Skiing Through a Winter Wonderland",https://www.nytimes.com/2025/12/23/travel/norway-crosscountry-skiing.html
5,2025-12-23-03-05-06 +0000,nyt,Puzzle Designers Search for That ‘Satisfying Click’,https://www.nytimes.com/2025/12/22/science/games-puzzle-design.html
5,2025-12-23-09-30-50 +0000,wapo,Mapping U.S. strikes in the Caribbean and eastern Pacific,https://www.washingtonpost.com/world/2025/11/12/us-strikes-caribbean-pacific/
4,2025-12-22-22-40-00 +0000,wsj,Opinion | Elon Musk Is Vindicated in Delaware,https://www.wsj.com/opinion/delaware-supreme-court-elon-musk-pay-package-tesla-kathaleen-mccormick-86fa17d2
4,2025-12-22-22-28-00 +0000,wsj,Opinion | When Nuns Fight Back,https://www.wsj.com/opinion/when-nuns-fight-back-4d46ac21
4,2025-12-23-08-00-14 +0000,nyt,In Pursuit of the Monarch’s Magnetic Sense,https://www.nytimes.com/2025/12/23/science/neuroscience-monarch-butterflies-migration.html
4,2025-12-22-19-38-00 +0000,wsj,Opinion | Why the Communists Can’t Stand Jimmy Lai,https://www.wsj.com/opinion/why-the-communists-cant-stand-jimmy-lai-trial-mark-simon-b8563e58
3,2025-12-23-04-24-22 +0000,nyt,Understanding Male Loneliness,https://www.nytimes.com/2025/12/22/world/male-loneliness-friendships-moscow-assassination.html
3,2025-12-23-11-25-02 +0000,bbc,"I'm not retiring, I'm evolving - Kipchoge",https://www.bbc.com/news/videos/c3d037183geo?at_medium=RSS&at_campaign=rss
