score,word
32,trump
14,ukraine
13,plan
11,greene
10,marjorie
10,taylor
10,peace
9,her
8,out
7,she
7,one
7,russian
7,school
6,end
6,year
6,was
6,strikes
6,war
6,fire
6,police
6,congress
6,new
5,israeli
5,president
5,brazil
5,no
5,diagnosis
5,canada
5,bolsonaro
5,arrested
5,daily
5,mayor
4,tatiana
4,granddaughter
4,terminal
4,ex
4,russia
4,prison
4,children
4,sex
4,he
4,dies
4,north
4,may
4,deal
4,buy
4,push
4,killed
4,schlossberg
4,you
4,next
4,city
4,trade
4,ice
4,gaza
4,tariffs
3,lawmakers
3,climate
3,epstein
3,military
3,video
3,will
3,hamas
3,my
3,calls
3,mail
3,near
3,shooting
3,telegraph
3,israel
3,woman
3,mamdani
3,cops
3,before
3,venezuela
3,kennedy
3,leader
3,cancer
3,investors
3,boost
3,miss
3,nigeria
3,group
3,warns
3,never
3,talks
3,bear
3,attack
3,students
3,strike
3,fight
3,three
3,holiday
3,detained
3,texas
3,california
3,up
3,dead
3,family
3,ukrainian
3,minnesota
3,jfk
3,immigration
3,jair
3,went
3,just
3,cop
3,shipwreck
3,sentence
3,leaders
3,apartment
3,border
3,living
3,ring
2,expected
2,day
2,speaks
2,protections
2,protest
2,deportation
2,kyiv
2,reveals
2,report
2,their
2,resignation
2,community
2,key
2,john
2,budget
2,would
2,stay
2,blame
2,truce
2,violations
2,send
2,million
2,legal
2,urges
2,republicans
2,travel
2,lawyer
2,nypd
2,politics
2,being
2,cannon
2,analyzed
2,find
2,ceos
2,really
2,italian
2,flight
2,got
2,little
2,hidden
2,zelensky
2,fossil
2,chief
2,maga
2,nigerian
2,january
2,carney
2,makes
2,abducted
2,battle
2,five
2,seeks
2,dakota
2,summit
2,love
2,de
2,shows
2,questions
2,owner
2,money
2,demands
2,deaths
2,were
2,car
2,rival
2,traitor
2,life
2,like
2,shares
2,bad
2,washington
2,free
2,rep
2,white
2,house
2,pressure
2,your
2,abortion
2,britain
2,media
2,antisemitic
2,resign
2,then
2,had
2,street
2,ship
2,goes
2,wild
2,gunmen
2,recent
2,open
2,hope
2,illegal
2,arrests
2,japan
2,agrees
2,cheaper
2,might
2,private
2,democrats
2,south
2,faces
2,downtown
2,olivia
2,ryan
2,bowl
2,disaster
2,nuzzi
2,patrol
2,maduro
2,law
2,seven
2,auction
2,paul
2,off
2,relationship
2,mass
2,using
2,women
2,ending
2,heads
2,when
2,leukemia
2,actually
2,latest
2,tragedy
2,america
2,ai
2,reportedly
2,making
2,injured
2,thanksgiving
2,pulls
2,mexican
2,ohio
2,list
2,world
2,building
2,wish
2,claims
2,anonymous
2,rocks
2,em
2,data
2,china
2,criticism
2,bank
2,gets
2,chicago
2,deadly
2,cease
2,final
2,faa
2,comey
2,between
2,lizza
2,found
2,another
2,post
2,shot
2,frozen
2,go
2,among
2,sees
2,fed
2,death
2,been
2,caution
2,threat
2,exercise
2,india
1,aide
1,faked
1,drew
1,loyalist
1,communist
1,afternoon
1,robots
1,guys
1,sock
1,queens
1,rock
1,brite
1,made
1,fears
1,lite
1,flee
1,avoid
1,representative
1,jeff
1,van
1,amid
1,gas
1,san
1,natural
1,jos
1,winter
1,toughest
1,bracing
1,tensions
1,schoolchildren
1,escalating
1,sick
1,pilots
1,fine
1,chocolate
1,cacao
1,errors
1,bean
1,jury
1,update
1,grand
1,based
1,citing
1,anti
1,slashing
1,meyer
1,wife
1,planned
1,our
1,retirement
1,perfectly
1,burt
1,fascist
1,production
1,due
1,soil
1,foot
1,step
1,other
1,artifacts
1,fergie
1,andrew
1,prince
1,lost
1,recovered
1,scandal
1,costelloe
1,hollywood
1,era
1,charlotte
1,families
1,designer
1,fashion
1,hiding
1,irish
1,ready
1,pulling
1,movie
1,feast
1,alleged
1,growing
1,weary
1,capital
1,gold
1,chaotic
1,stream
1,punitive
1,resolutions
1,both
1,pushing
1,hating
1,win
1,mayoral
1,sarsour
1,hall
1,linda
1,american
1,activist
1,pasta
1,heist
1,crack
1,aged
1,poised
1,sales
1,threaten
1,principle
1,reach
1,produced
1,union
1,imports
1,piggy
1,fraggles
1,twilight
1,brands
1,technology
1,airlines
1,situation
1,partnership
1,australia
1,surprise
1,buddy
1,spinning
1,hazardous
1,potentially
1,fuels
1,retiring
1,omits
1,compromise
1,blast
1,critics
1,nears
1,incompetence
1,transcends
1,meet
1,discloses
1,quitting
1,age
1,mention
1,former
1,decline
1,embodies
1,partner
1,navigate
1,club
1,issues
1,african
1,storied
1,republican
1,fought
1,onto
1,publicly
1,ottawa
1,months
1,referendum
1,independence
1,hold
1,justice
1,sikhs
1,playbook
1,flying
1,signs
1,sunday
1,bike
1,advocates
1,issue
1,pre
1,plea
1,don
1,motos
1,these
1,steps
1,breach
1,notice
1,bodyguards
1,murder
1,clamor
1,peek
1,classmates
1,markets
1,curtain
1,point
1,aftermath
1,western
1,orleans
1,service
1,workers
1,braces
1,crackdown
1,offers
1,kremlin
1,boom
1,driving
1,economy
1,behind
1,rob
1,bonta
1,spending
1,college
1,dreams
1,undocumented
1,threatened
1,suit
1,santa
1,monica
1,pay
1,displaced
1,black
1,entrepreneur
1,part
1,company
1,forced
1,skechers
1,where
1,knows
1,raid
1,claimed
1,interim
1,larger
1,trailing
1,cold
1,sign
1,show
1,records
1,lafd
1,effort
1,reparations
1,lachman
1,force
1,jewish
1,vies
1,nation
1,first
1,religious
1,charter
1,aid
1,africa
1,here
1,happening
1,germans
1,beer
1,forcing
1,brewers
1,happens
1,bust
1,liberals
1,hoped
1,bill
1,quickly
1,pass
1,re
1,aiming
1,ontario
1,reagan
1,ad
1,coming
1,role
1,killings
1,australian
1,adapt
1,falters
1,pasadena
1,rose
1,vulnerable
1,upped
1,federalist
1,society
1,torn
1,philosophy
1,philippine
1,wound
1,human
1,trafficking
1,kidnapping
1,threatens
1,freeway
1,mariupol
1,occupied
1,databases
1,intimate
1,dozens
1,targeting
1,admits
1,senior
1,leaves
1,riot
1,violent
1,bring
1,chanting
1,chicagoans
1,surfers
1,multiple
1,canadian
1,tells
1,enforcement
1,away
1,high
1,crime
1,allegations
1,escape
1,plot
1,joins
1,saying
1,needs
1,additional
1,congressman
1,staff
1,tallies
1,gen
1,highest
1,play
1,varsity
1,basketball
1,neighboring
1,male
1,charges
1,board
1,teachers
1,rise
1,case
1,snow
1,starved
1,ski
1,resorts
1,expenses
1,advisory
1,mexico
1,spurs
1,sheinbaum
1,cu
1,ntele
1,ante
1,las
1,deportaciones
1,mo
1,han
1,cambiado
1,sus
1,planes
1,nochebuena
1,lee
1,barbara
1,oakland
1,break
1,ahead
1,upset
1,election
1,carter
1,all
1,st
1,medcalf
1,decor
1,fer
1,two
1,fighting
1,noisebridge
1,hackerspace
1,melvin
1,coins
1,porcelain
1,cup
1,spanish
1,slams
1,celebrates
1,ally
1,quit
1,files
1,feud
1,became
1,main
1,characters
1,social
1,socal
1,delay
1,atty
1,governor
1,run
1,pondering
1,chip
1,bargaining
1,jets
1,residents
1,taken
1,abductions
1,worst
1,warned
1,cards
1,christmas
1,threatening
1,receive
1,fighter
1,openings
1,powerful
1,storms
1,hand
1,lula
1,political
1,gift
1,fear
1,scepticism
1,reeves
1,prepares
1,moment
1,wrong
1,professor
1,melissa
1,recover
1,scientists
1,colombian
1,publisher
1,leaning
1,right
1,consolidating
1,october
1,mccoul
1,history
1,attacks
1,deadliest
1,suffered
1,rules
1,panel
1,lesson
1,gender
1,maulings
1,comfortable
1,earnings
1,plain
1,sight
1,mumbai
1,glorious
1,art
1,deco
1,legacy
1,laborer
1,organizers
1,depot
1,pressuring
1,scrape
1,interest
1,nearly
1,climb
1,medicare
1,expense
1,administration
1,denies
1,fema
1,relief
1,illinois
1,pritzker
1,considers
1,leaflet
1,drop
1,birthday
1,stores
1,singer
1,vd
1,trunk
1,decapitated
1,determine
1,cause
1,stopping
1,greatest
1,amazon
1,time
1,judge
1,temporarily
1,blocks
1,openai
1,think
1,app
1,sora
1,renews
1,intervention
1,brink
1,exit
1,deals
1,blow
1,majority
1,cpa
1,served
1,jeffrey
1,control
1,fortune
1,secrets
1,cameo
1,assets
1,crimea
1,southbound
1,reopens
1,camp
1,pendleton
1,chase
1,ends
1,worry
1,food
1,venezuelans
1,under
1,action
1,young
1,charged
1,fled
1,freedom
1,stuck
1,bodycam
1,footage
1,nevada
1,stepdad
1,scream
1,kid
1,road
1,rage
1,immigrant
1,selling
1,counterfeit
1,goods
1,chechen
1,shouting
1,slurs
1,praying
1,muslim
1,waving
1,bacon
1,florida
1,saved
1,ivf
1,embryos
1,wall
1,ride
1,expecting
1,grizzly
1,against
1,columbia
1,universe
1,contestant
1,fumes
1,palestine
1,terror
1,ties
1,skin
1,crawl
1,rialto
1,displaces
1,households
1,takeaways
1,deeply
1,divisive
1,british
1,freecycle
1,event
1,expands
1,third
1,site
1,attends
1,aim
1,cuts
1,foreign
1,must
1,georgia
1,voters
1,stand
1,stood
1,teen
1,sur
1,wave
1,ocean
1,missing
1,ward
1,landrigan
1,jeweler
1,stars
1,died
1,visiting
1,istanbul
1,poisoned
1,authorities
1,failed
1,surf
1,suspect
1,shoots
1,dog
1,insists
1,authored
1,explosion
1,genocide
1,everything
1,pile
1,ukrainians
1,looks
1,capitulation
1,mentions
1,taiwan
1,vaughan
1,colossal
1,closed
1,trash
1,ignites
1,outcry
1,captain
1,handed
1,light
1,speedboat
1,crash
1,harry
1,potter
1,publishing
1,executive
1,adrienne
1,tanks
1,isn
1,favors
1,recap
1,prep
1,champions
1,complete
1,paramount
1,skydance
1,currently
1,winning
1,acquire
1,warner
1,bros
1,discovery
1,crusade
1,less
1,faking
1,amorous
1,couple
1,caught
1,camera
1,having
1,arizona
1,eatery
1,robbing
1,socialist
1,priest
1,embraces
1,autocratic
1,body
1,want
1,rare
1,earths
1,mine
1,hands
1,swath
1,customer
1,hacked
1,investigating
1,dodgers
1,historic
1,postseason
1,homers
1,shohei
1,ohtani
1,drugs
1,miguel
1,rojas
1,fetch
1,bucks
1,marco
1,rubio
1,told
1,senators
1,leaked
1,married
1,teacher
1,paid
1,plied
1,them
1,booze
1,smith
1,defence
1,news
1,missed
1,internationally
1,boston
1,strong
1,need
1,burbank
1,rate
1,cut
1,underscoring
1,challenge
1,chair
1,jerome
1,canal
1,consensus
1,look
1,generation
1,larson
1,hangs
1,website
1,puts
1,bounties
1,hundreds
1,academics
1,worldwide
1,including
1,profoundly
1,disturbed
1,powell
1,sightings
1,halt
1,air
1,traffic
1,dutch
1,eindhoven
1,hints
1,divisions
1,movement
1,toy
1,knives
1,pills
1,consumer
1,agree
1,civil
1,lemurs
1,madagascar
1,face
1,unexpected
1,killer
1,require
1,walmart
1,costco
1,accept
1,cash
1,payments
1,across
1,kill
1,palestinians
1,medical
1,heart
1,immediately
1,temporary
1,somalis
1,curse
1,extends
1,brutal
1,timeline
1,jellybean
1,johnson
1,pillar
1,minneapolis
1,music
1,carolina
1,presence
1,christian
1,swing
1,prosecution
1,ropes
1,series
1,missteps
1,militants
1,abduct
1,catholic
1,lurie
1,task
1,district
1,hopefuls
1,weekend
1,homework
1,dismiss
1,divides
1,converts
1,iranians
1,sent
1,censures
1,proliferate
1,reflecting
1,poisonous
1,raunchy
1,act
1,rfk
1,jr
1,texted
1,according
1,shootings
1,friday
1,teenagers
1,wounded
1,cyber
1,pals
1,korean
1,hackers
1,sharing
1,resources
1,programs
1,experts
1,insomniacs
1,do
1,live
1,sleepiest
1,states
1,leave
1,men
1,plotted
1,coup
1,haitian
1,island
1,enslave
1,ev
1,grant
1,scheme
1,worth
1,bn
1,un
1,fail
1,secure
1,drones
1,promises
1,rail
1,fares
1,england
1,rough
1,education
1,court
1,upholds
1,total
1,ban
1,pentagon
1,inquiry
1,foe
1,vindman
1,deemed
1,fuel
1,parents
1,toddler
1,plunged
1,cruise
1,window
1,divorce
1,panic
1,somali
1,pledge
1,dayton
1,market
1,draws
1,crowds
1,michigan
1,decades
1,sons
1,ford
1,worker
1,nabbed
1,multi
1,dollar
1,auto
1,parts
1,theft
1,see
1,return
1,offer
1,familiar
1,sleuth
1,stolen
1,dad
1,custody
1,raise
1,serious
1,port
1,operational
1,firefighters
1,continue
1,cargo
1,blaze
1,buildings
1,survivors
1,fades
1,commissioner
1,jessica
1,risk
1,apologizes
1,famed
1,synagogue
1,congregants
1,botched
1,response
1,fatally
1,parked
1,northridge
1,wicked
1,good
1,takes
1,box
1,office
1,once
1,tisch
1,ghislaine
1,maxwell
1,filmed
1,bizarrely
1,carrying
1,umbrella
1,sunny
1,date
1,early
1,completely
1,intact
1,european
1,amend
1,geneva
1,parasite
1,aoc
1,email
1,donations
1,turkey
1,giveaway
1,straight
1,campaign
1,coffers
1,softens
1,stance
1,toward
1,longtime
1,laura
1,loomer
1,flames
1,meeting
