score,pubdate,source,title,link
76,2025-08-09-18-03-49 +0000,nypost,"Ukraine, European leaders counter Russian cease-fire plan ahead of Trump and Putin meeting",https://nypost.com/2025/08/09/world-news/ukraine-european-leaders-counter-russian-cease-fire-plan-ahead-of-trump-and-putin-meeting/
35,2025-08-09-22-47-00 +0000,wsj,Adriana Kugler hasn’t said why she is leaving her post as Federal Reserve governor. Her departure comes at a precarious time for the central bank.,https://www.wsj.com/economy/central-banking/sudden-fed-resignation-surprised-colleagues-and-gave-opening-for-trump-3c6a84e9
34,2025-08-10-01-00-00 +0000,wsj,"President Trump has said Vice President JD Vance is probably the favorite to succeed him on the 2028 GOP ticket, but lately he also has been talking up a trusted adviser, Secretary of State Marco Rubio",https://www.wsj.com/politics/policy/who-is-the-heir-to-the-maga-movement-trump-keeps-his-options-open-0f9e8c5c
32,2025-08-09-20-17-00 +0000,bbc,Atlanta police officer dies after shooting near health agency HQ,https://www.bbc.com/news/articles/cp3ekez0k2xo?at_medium=RSS&at_campaign=rss
28,2025-08-10-01-31-15 +0000,nypost,"Aspiring National Guardsman, 19, killed by drunk driver days before birthday at California bus stop",https://nypost.com/2025/08/09/us-news/aspiring-national-guardsman-19-killed-by-drunk-driver-days-before-birthday-at-california-bus-stop/
26,2025-08-09-21-07-54 +0000,bbc,Trump nominates ex-Fox News host Tammy Bruce as deputy UN ambassador,https://www.bbc.com/news/articles/cj9wv49xr0xo?at_medium=RSS&at_campaign=rss
25,2025-08-09-17-09-08 +0000,nypost,"Rift emerges between allies Russia and Iran over $1.75B weapons deal, Putin’s lack of support for Tehran",https://nypost.com/2025/08/09/world-news/rift-emerges-between-allies-russia-and-iran-over-1-75b-weapons-deal/
23,2025-08-10-02-04-54 +0000,bbc,Thousands protest in Israel over Gaza City occupation plan,https://www.bbc.com/news/videos/c5ylprlr3dzo?at_medium=RSS&at_campaign=rss
22,2025-08-09-17-07-56 +0000,nypost,"Financial expert warns young Americans against ‘buy now, pay later’ plans as shopping tactic growing in popularity",https://nypost.com/2025/08/09/business/financial-expert-warns-young-americans-against-buy-now-pay-later-plans-as-shopping-tactic-growing-in-popularity/
22,2025-08-09-12-00-00 +0000,wsj,Twelve Republicans who want the Epstein files released explain in their own words their reasons for backing a contentious House vote,https://www.wsj.com/politics/policy/epstein-files-republicans-release-e145abe6
